NACA 5321                                       
 Alfa =   3.00000 Re =    60000.000 Xflap,Yflap =     0.000000    0.000000
#    x        y        Cp  
   1.00000  0.00221      NaN
   0.99578  0.00384      NaN
   0.98916  0.00639      NaN
   0.98218  0.00905      NaN
   0.97484  0.01182      NaN
   0.96714  0.01470      NaN
   0.95909  0.01768      NaN
   0.95068  0.02075      NaN
   0.94195  0.02391      NaN
   0.93291  0.02715      NaN
   0.92358  0.03045      NaN
   0.91399  0.03379      NaN
   0.90417  0.03718      NaN
   0.89414  0.04059      NaN
   0.88392  0.04401      NaN
   0.87355  0.04744      NaN
   0.86305  0.05087      NaN
   0.85242  0.05428      NaN
   0.84170  0.05767      NaN
   0.83090  0.06104      NaN
   0.82003  0.06438      NaN
   0.80909  0.06769      NaN
   0.79812  0.07095      NaN
   0.78710  0.07418      NaN
   0.77604  0.07736      NaN
   0.76497  0.08049      NaN
   0.75387  0.08358      NaN
   0.74275  0.08662      NaN
   0.73162  0.08960      NaN
   0.72049  0.09254      NaN
   0.70935  0.09542      NaN
   0.69820  0.09824      NaN
   0.68706  0.10101      NaN
   0.67593  0.10373      NaN
   0.66479  0.10638      NaN
   0.65367  0.10897      NaN
   0.64256  0.11151      NaN
   0.63146  0.11398      NaN
   0.62038  0.11639      NaN
   0.60932  0.11874      NaN
   0.59828  0.12103      NaN
   0.58726  0.12325      NaN
   0.57627  0.12540      NaN
   0.56530  0.12749      NaN
   0.55437  0.12950      NaN
   0.54346  0.13145      NaN
   0.53260  0.13333      NaN
   0.52177  0.13513      NaN
   0.51099  0.13687      NaN
   0.50025  0.13853      NaN
   0.48956  0.14011      NaN
   0.47893  0.14162      NaN
   0.46835  0.14305      NaN
   0.45783  0.14441      NaN
   0.44738  0.14568      NaN
   0.43699  0.14688      NaN
   0.42669  0.14799      NaN
   0.41647  0.14902      NaN
   0.40633  0.14998      NaN
   0.39630  0.15084      NaN
   0.38637  0.15163      NaN
   0.37655  0.15233      NaN
   0.36685  0.15295      NaN
   0.35729  0.15349      NaN
   0.34787  0.15394      NaN
   0.33861  0.15431      NaN
   0.32951  0.15461      NaN
   0.32059  0.15482      NaN
   0.31186  0.15496      NaN
   0.30334  0.15503      NaN
   0.29502  0.15501      NaN
   0.28691  0.15487      NaN
   0.27897  0.15461      NaN
   0.27118  0.15423      NaN
   0.26353  0.15374      NaN
   0.25600  0.15314      NaN
   0.24860  0.15244      NaN
   0.24130  0.15164      NaN
   0.23412  0.15073      NaN
   0.22704  0.14973      NaN
   0.22006  0.14863      NaN
   0.21319  0.14744      NaN
   0.20642  0.14616      NaN
   0.19975  0.14480      NaN
   0.19318  0.14335      NaN
   0.18673  0.14182      NaN
   0.18038  0.14021      NaN
   0.17414  0.13853      NaN
   0.16801  0.13678      NaN
   0.16200  0.13497      NaN
   0.15610  0.13309      NaN
   0.15033  0.13115      NaN
   0.14467  0.12916      NaN
   0.13915  0.12712      NaN
   0.13375  0.12504      NaN
   0.12848  0.12291      NaN
   0.12335  0.12075      NaN
   0.11834  0.11856      NaN
   0.11347  0.11634      NaN
   0.10874  0.11410      NaN
   0.10414  0.11184      NaN
   0.09968  0.10956      NaN
   0.09536  0.10728      NaN
   0.09117  0.10499      NaN
   0.08711  0.10270      NaN
   0.08319  0.10041      NaN
   0.07940  0.09812      NaN
   0.07573  0.09584      NaN
   0.07219  0.09356      NaN
   0.06878  0.09130      NaN
   0.06548  0.08906      NaN
   0.06231  0.08682      NaN
   0.05925  0.08461      NaN
   0.05630  0.08241      NaN
   0.05346  0.08023      NaN
   0.05073  0.07807      NaN
   0.04809  0.07593      NaN
   0.04556  0.07381      NaN
   0.04312  0.07171      NaN
   0.04078  0.06963      NaN
   0.03852  0.06758      NaN
   0.03636  0.06554      NaN
   0.03427  0.06353      NaN
   0.03227  0.06154      NaN
   0.03035  0.05956      NaN
   0.02850  0.05761      NaN
   0.02673  0.05568      NaN
   0.02502  0.05377      NaN
   0.02339  0.05188      NaN
   0.02183  0.05001      NaN
   0.02032  0.04815      NaN
   0.01889  0.04631      NaN
   0.01751  0.04449      NaN
   0.01620  0.04269      NaN
   0.01494  0.04091      NaN
   0.01374  0.03914      NaN
   0.01260  0.03738      NaN
   0.01151  0.03564      NaN
   0.01048  0.03392      NaN
   0.00950  0.03221      NaN
   0.00857  0.03051      NaN
   0.00769  0.02883      NaN
   0.00686  0.02716      NaN
   0.00608  0.02550      NaN
   0.00535  0.02386      NaN
   0.00467  0.02223      NaN
   0.00404  0.02061      NaN
   0.00345  0.01900      NaN
   0.00292  0.01741      NaN
   0.00242  0.01583      NaN
   0.00198  0.01426      NaN
   0.00158  0.01271      NaN
   0.00123  0.01116      NaN
   0.00092  0.00963      NaN
   0.00066  0.00812      NaN
   0.00044  0.00662      NaN
   0.00027  0.00513      NaN
   0.00014  0.00366      NaN
   0.00005  0.00220      NaN
   0.00001  0.00076      NaN
   0.00000 -0.00066      NaN
   0.00005 -0.00209      NaN
   0.00013 -0.00352      NaN
   0.00027 -0.00496      NaN
   0.00045 -0.00641      NaN
   0.00069 -0.00785      NaN
   0.00098 -0.00929      NaN
   0.00133 -0.01073      NaN
   0.00173 -0.01217      NaN
   0.00220 -0.01359      NaN
   0.00273 -0.01501      NaN
   0.00332 -0.01642      NaN
   0.00398 -0.01781      NaN
   0.00470 -0.01918      NaN
   0.00548 -0.02054      NaN
   0.00633 -0.02187      NaN
   0.00725 -0.02318      NaN
   0.00823 -0.02446      NaN
   0.00928 -0.02572      NaN
   0.01038 -0.02695      NaN
   0.01155 -0.02815      NaN
   0.01278 -0.02933      NaN
   0.01408 -0.03047      NaN
   0.01543 -0.03158      NaN
   0.01684 -0.03267      NaN
   0.01831 -0.03372      NaN
   0.01984 -0.03475      NaN
   0.02142 -0.03574      NaN
   0.02306 -0.03671      NaN
   0.02477 -0.03765      NaN
   0.02653 -0.03856      NaN
   0.02835 -0.03944      NaN
   0.03023 -0.04030      NaN
   0.03217 -0.04114      NaN
   0.03418 -0.04195      NaN
   0.03625 -0.04273      NaN
   0.03838 -0.04349      NaN
   0.04059 -0.04423      NaN
   0.04287 -0.04495      NaN
   0.04522 -0.04565      NaN
   0.04765 -0.04632      NaN
   0.05016 -0.04697      NaN
   0.05276 -0.04760      NaN
   0.05545 -0.04821      NaN
   0.05823 -0.04880      NaN
   0.06111 -0.04937      NaN
   0.06410 -0.04992      NaN
   0.06720 -0.05045      NaN
   0.07042 -0.05096      NaN
   0.07376 -0.05145      NaN
   0.07724 -0.05192      NaN
   0.08086 -0.05237      NaN
   0.08463 -0.05279      NaN
   0.08856 -0.05320      NaN
   0.09268 -0.05358      NaN
   0.09697 -0.05394      NaN
   0.10147 -0.05428      NaN
   0.10619 -0.05459      NaN
   0.11114 -0.05487      NaN
   0.11633 -0.05513      NaN
   0.12180 -0.05537      NaN
   0.12754 -0.05557      NaN
   0.13360 -0.05574      NaN
   0.13999 -0.05589      NaN
   0.14672 -0.05600      NaN
   0.15382 -0.05608      NaN
   0.16132 -0.05613      NaN
   0.16922 -0.05614      NaN
   0.17754 -0.05613      NaN
   0.18629 -0.05608      NaN
   0.19548 -0.05601      NaN
   0.20509 -0.05591      NaN
   0.21511 -0.05579      NaN
   0.22550 -0.05566      NaN
   0.23621 -0.05553      NaN
   0.24718 -0.05539      NaN
   0.25834 -0.05527      NaN
   0.26964 -0.05517      NaN
   0.28102 -0.05509      NaN
   0.29246 -0.05504      NaN
   0.30391 -0.05502      NaN
   0.31537 -0.05496      NaN
   0.32684 -0.05483      NaN
   0.33834 -0.05462      NaN
   0.34989 -0.05436      NaN
   0.36150 -0.05403      NaN
   0.37317 -0.05365      NaN
   0.38491 -0.05321      NaN
   0.39672 -0.05272      NaN
   0.40861 -0.05218      NaN
   0.42058 -0.05158      NaN
   0.43262 -0.05095      NaN
   0.44474 -0.05027      NaN
   0.45693 -0.04954      NaN
   0.46920 -0.04878      NaN
   0.48154 -0.04798      NaN
   0.49395 -0.04714      NaN
   0.50643 -0.04628      NaN
   0.51898 -0.04537      NaN
   0.53159 -0.04444      NaN
   0.54426 -0.04349      NaN
   0.55698 -0.04250      NaN
   0.56976 -0.04150      NaN
   0.58259 -0.04047      NaN
   0.59547 -0.03942      NaN
   0.60840 -0.03835      NaN
   0.62136 -0.03726      NaN
   0.63437 -0.03616      NaN
   0.64740 -0.03504      NaN
   0.66047 -0.03391      NaN
   0.67356 -0.03277      NaN
   0.68667 -0.03162      NaN
   0.69979 -0.03046      NaN
   0.71293 -0.02930      NaN
   0.72606 -0.02812      NaN
   0.73920 -0.02694      NaN
   0.75232 -0.02576      NaN
   0.76543 -0.02457      NaN
   0.77850 -0.02338      NaN
   0.79153 -0.02219      NaN
   0.80449 -0.02100      NaN
   0.81739 -0.01981      NaN
   0.83018 -0.01863      NaN
   0.84285 -0.01745      NaN
   0.85537 -0.01629      NaN
   0.86771 -0.01513      NaN
   0.87982 -0.01399      NaN
   0.89168 -0.01286      NaN
   0.90324 -0.01176      NaN
   0.91445 -0.01068      NaN
   0.92529 -0.00964      NaN
   0.93570 -0.00863      NaN
   0.94567 -0.00765      NaN
   0.95517 -0.00672      NaN
   0.96419 -0.00582      NaN
   0.97272 -0.00497      NaN
   0.98077 -0.00416      NaN
   0.98835 -0.00339      NaN
   0.99548 -0.00267      NaN
   1.00000 -0.00221      NaN
