NACA 5321                                       
 Alfa =   0.00000 Re =    60000.000 Xflap,Yflap =     0.000000    0.000000
#    x        y        Cp  
   1.00000  0.00221  0.08469
   0.99578  0.00384  0.08119
   0.98916  0.00639  0.07521
   0.98218  0.00905  0.06867
   0.97484  0.01182  0.06150
   0.96714  0.01470  0.05369
   0.95909  0.01768  0.04521
   0.95068  0.02075  0.03603
   0.94195  0.02391  0.02614
   0.93291  0.02715  0.01554
   0.92358  0.03045  0.00421
   0.91399  0.03379 -0.00782
   0.90417  0.03718 -0.02055
   0.89414  0.04059 -0.03397
   0.88392  0.04401 -0.04803
   0.87355  0.04744 -0.06275
   0.86305  0.05087 -0.07810
   0.85242  0.05428 -0.09409
   0.84170  0.05767 -0.11075
   0.83090  0.06104 -0.12809
   0.82003  0.06438 -0.14620
   0.80909  0.06769 -0.16516
   0.79812  0.07095 -0.18509
   0.78710  0.07418 -0.20617
   0.77604  0.07736 -0.22865
   0.76497  0.08049 -0.25281
   0.75387  0.08358 -0.27903
   0.74275  0.08662 -0.30777
   0.73162  0.08960 -0.33954
   0.72049  0.09254 -0.37497
   0.70935  0.09542 -0.41489
   0.69820  0.09824 -0.46217
   0.68706  0.10101 -0.51381
   0.67593  0.10373 -0.56857
   0.66479  0.10638 -0.62777
   0.65367  0.10897 -0.69310
   0.64256  0.11151 -0.76694
   0.63146  0.11398 -0.83236
   0.62038  0.11639 -0.83494
   0.60932  0.11874 -0.83733
   0.59828  0.12103 -0.83961
   0.58726  0.12325 -0.84181
   0.57627  0.12540 -0.84398
   0.56530  0.12749 -0.84613
   0.55437  0.12950 -0.84831
   0.54346  0.13145 -0.85053
   0.53260  0.13333 -0.85282
   0.52177  0.13513 -0.85520
   0.51099  0.13687 -0.85770
   0.50025  0.13853 -0.86036
   0.48956  0.14011 -0.86320
   0.47893  0.14162 -0.86626
   0.46835  0.14305 -0.86959
   0.45783  0.14441 -0.87324
   0.44738  0.14568 -0.87726
   0.43699  0.14688 -0.88170
   0.42669  0.14799 -0.88666
   0.41647  0.14902 -0.89220
   0.40633  0.14998 -0.89842
   0.39630  0.15084 -0.90544
   0.38637  0.15163 -0.91336
   0.37655  0.15233 -0.92233
   0.36685  0.15295 -0.93249
   0.35729  0.15349 -0.94398
   0.34787  0.15394 -0.95693
   0.33861  0.15431 -0.97143
   0.32951  0.15461 -0.98744
   0.32059  0.15482 -1.00483
   0.31186  0.15496 -1.02395
   0.30334  0.15503 -1.04524
   0.29502  0.15501 -1.06880
   0.28691  0.15487 -1.09324
   0.27897  0.15461 -1.11722
   0.27118  0.15423 -1.13970
   0.26353  0.15374 -1.16010
   0.25600  0.15314 -1.17760
   0.24860  0.15244 -1.19206
   0.24130  0.15164 -1.20363
   0.23412  0.15073 -1.21189
   0.22704  0.14973 -1.21738
   0.22006  0.14863 -1.21999
   0.21319  0.14744 -1.21943
   0.20642  0.14616 -1.21660
   0.19975  0.14480 -1.21086
   0.19318  0.14335 -1.20258
   0.18673  0.14182 -1.19244
   0.18038  0.14021 -1.17953
   0.17414  0.13853 -1.16488
   0.16801  0.13678 -1.14800
   0.16200  0.13497 -1.12949
   0.15610  0.13309 -1.10903
   0.15033  0.13115 -1.08667
   0.14467  0.12916 -1.06335
   0.13915  0.12712 -1.03779
   0.13375  0.12504 -1.01094
   0.12848  0.12291 -0.98351
   0.12335  0.12075 -0.95426
   0.11834  0.11856 -0.92364
   0.11347  0.11634 -0.89307
   0.10874  0.11410 -0.86081
   0.10414  0.11184 -0.82826
   0.09968  0.10956 -0.79478
   0.09536  0.10728 -0.76048
   0.09117  0.10499 -0.72562
   0.08711  0.10270 -0.69047
   0.08319  0.10041 -0.65462
   0.07940  0.09812 -0.61911
   0.07573  0.09584 -0.58247
   0.07219  0.09356 -0.54593
   0.06878  0.09130 -0.50899
   0.06548  0.08906 -0.47168
   0.06231  0.08682 -0.43464
   0.05925  0.08461 -0.39729
   0.05630  0.08241 -0.35992
   0.05346  0.08023 -0.32224
   0.05073  0.07807 -0.28474
   0.04809  0.07593 -0.24693
   0.04556  0.07381 -0.20942
   0.04312  0.07171 -0.17098
   0.04078  0.06963 -0.13315
   0.03852  0.06758 -0.09611
   0.03636  0.06554 -0.05762
   0.03427  0.06353 -0.02052
   0.03227  0.06154  0.01749
   0.03035  0.05956  0.05525
   0.02850  0.05761  0.09314
   0.02673  0.05568  0.13099
   0.02502  0.05377  0.16929
   0.02339  0.05188  0.20741
   0.02183  0.05001  0.24458
   0.02032  0.04815  0.28311
   0.01889  0.04631  0.32031
   0.01751  0.04449  0.35764
   0.01620  0.04269  0.39448
   0.01494  0.04091  0.43200
   0.01374  0.03914  0.46859
   0.01260  0.03738  0.50562
   0.01151  0.03564  0.54169
   0.01048  0.03392  0.57747
   0.00950  0.03221  0.61319
   0.00857  0.03051  0.64764
   0.00769  0.02883  0.68176
   0.00686  0.02716  0.71548
   0.00608  0.02550  0.74764
   0.00535  0.02386  0.77892
   0.00467  0.02223  0.80834
   0.00404  0.02061  0.83654
   0.00345  0.01900  0.86391
   0.00292  0.01741  0.88948
   0.00242  0.01583  0.91242
   0.00198  0.01426  0.93347
   0.00158  0.01271  0.95138
   0.00123  0.01116  0.96816
   0.00092  0.00963  0.98068
   0.00066  0.00812  0.99030
   0.00044  0.00662  0.99704
   0.00027  0.00513  0.99984
   0.00014  0.00366  0.99909
   0.00005  0.00220  0.99427
   0.00001  0.00076  0.98553
   0.00000 -0.00066  0.97249
   0.00005 -0.00209  0.95520
   0.00013 -0.00352  0.93235
   0.00027 -0.00496  0.90355
   0.00045 -0.00641  0.87093
   0.00069 -0.00785  0.83150
   0.00098 -0.00929  0.78496
   0.00133 -0.01073  0.73421
   0.00173 -0.01217  0.67706
   0.00220 -0.01359  0.61537
   0.00273 -0.01501  0.54869
   0.00332 -0.01642  0.47772
   0.00398 -0.01781  0.40392
   0.00470 -0.01918  0.32807
   0.00548 -0.02054  0.24961
   0.00633 -0.02187  0.17296
   0.00725 -0.02318  0.09677
   0.00823 -0.02446  0.02224
   0.00928 -0.02572 -0.04971
   0.01038 -0.02695 -0.11779
   0.01155 -0.02815 -0.18195
   0.01278 -0.02933 -0.24156
   0.01408 -0.03047 -0.29481
   0.01543 -0.03158 -0.34535
   0.01684 -0.03267 -0.39069
   0.01831 -0.03372 -0.42994
   0.01984 -0.03475 -0.46560
   0.02142 -0.03574 -0.49597
   0.02306 -0.03671 -0.52333
   0.02477 -0.03765 -0.54641
   0.02653 -0.03856 -0.56554
   0.02835 -0.03944 -0.58099
   0.03023 -0.04030 -0.59381
   0.03217 -0.04114 -0.60299
   0.03418 -0.04195 -0.61011
   0.03625 -0.04273 -0.61529
   0.03838 -0.04349 -0.61770
   0.04059 -0.04423 -0.61836
   0.04287 -0.04495 -0.61751
   0.04522 -0.04565 -0.61488
   0.04765 -0.04632 -0.61092
   0.05016 -0.04697 -0.60601
   0.05276 -0.04760 -0.59952
   0.05545 -0.04821 -0.59228
   0.05823 -0.04880 -0.58393
   0.06111 -0.04937 -0.57500
   0.06410 -0.04992 -0.56507
   0.06720 -0.05045 -0.55457
   0.07042 -0.05096 -0.54344
   0.07376 -0.05145 -0.53176
   0.07724 -0.05192 -0.51970
   0.08086 -0.05237 -0.50723
   0.08463 -0.05279 -0.49426
   0.08856 -0.05320 -0.48103
   0.09268 -0.05358 -0.46747
   0.09697 -0.05394 -0.45360
   0.10147 -0.05428 -0.43952
   0.10619 -0.05459 -0.42520
   0.11114 -0.05487 -0.41085
   0.11633 -0.05513 -0.39636
   0.12180 -0.05537 -0.38169
   0.12754 -0.05557 -0.36704
   0.13360 -0.05574 -0.35233
   0.13999 -0.05589 -0.33768
   0.14672 -0.05600 -0.32309
   0.15382 -0.05608 -0.30856
   0.16132 -0.05613 -0.29417
   0.16922 -0.05614 -0.27996
   0.17754 -0.05613 -0.26597
   0.18629 -0.05608 -0.25223
   0.19548 -0.05601 -0.23881
   0.20509 -0.05591 -0.22572
   0.21511 -0.05579 -0.21308
   0.22550 -0.05566 -0.20096
   0.23621 -0.05553 -0.18943
   0.24718 -0.05539 -0.17864
   0.25834 -0.05527 -0.16873
   0.26964 -0.05517 -0.15990
   0.28102 -0.05509 -0.15241
   0.29246 -0.05504 -0.14655
   0.30391 -0.05502 -0.14300
   0.31537 -0.05496 -0.14038
   0.32684 -0.05483 -0.13781
   0.33834 -0.05462 -0.13501
   0.34989 -0.05436 -0.13182
   0.36150 -0.05403 -0.12812
   0.37317 -0.05365 -0.12392
   0.38491 -0.05321 -0.11921
   0.39672 -0.05272 -0.11402
   0.40861 -0.05218 -0.10845
   0.42058 -0.05158 -0.10257
   0.43262 -0.05095 -0.09639
   0.44474 -0.05027 -0.09000
   0.45693 -0.04954 -0.08353
   0.46920 -0.04878 -0.07695
   0.48154 -0.04798 -0.07038
   0.49395 -0.04714 -0.06386
   0.50643 -0.04628 -0.05746
   0.51898 -0.04537 -0.05121
   0.53159 -0.04444 -0.04516
   0.54426 -0.04349 -0.03936
   0.55698 -0.04250 -0.03381
   0.56976 -0.04150 -0.02853
   0.58259 -0.04047 -0.02352
   0.59547 -0.03942 -0.01879
   0.60840 -0.03835 -0.01429
   0.62136 -0.03726 -0.01002
   0.63437 -0.03616 -0.00594
   0.64740 -0.03504 -0.00210
   0.66047 -0.03391  0.00149
   0.67356 -0.03277  0.00485
   0.68667 -0.03162  0.00799
   0.69979 -0.03046  0.01091
   0.71293 -0.02930  0.01363
   0.72606 -0.02812  0.01616
   0.73920 -0.02694  0.01851
   0.75232 -0.02576  0.02070
   0.76543 -0.02457  0.02274
   0.77850 -0.02338  0.02463
   0.79153 -0.02219  0.02640
   0.80449 -0.02100  0.02804
   0.81739 -0.01981  0.02958
   0.83018 -0.01863  0.03101
   0.84285 -0.01745  0.03234
   0.85537 -0.01629  0.03359
   0.86771 -0.01513  0.03475
   0.87982 -0.01399  0.03584
   0.89168 -0.01286  0.03685
   0.90324 -0.01176  0.03779
   0.91445 -0.01068  0.03866
   0.92529 -0.00964  0.03948
   0.93570 -0.00863  0.04023
   0.94567 -0.00765  0.04094
   0.95517 -0.00672  0.04160
   0.96419 -0.00582  0.04221
   0.97272 -0.00497  0.04279
   0.98077 -0.00416  0.04335
   0.98835 -0.00339  0.05913
   0.99548 -0.00267  0.07497
   1.00000 -0.00221  0.08469
